1000
970
950
1000
970
460.0
750.00244140625
750.00244140625
556.5802573234852
556.5802573234852
556.5802573234852
556.5802573234852
556.5802573234852
556.5802573234852
18724.93608398548
18724.93608398548
18724.93608398548
18724.93608398548
17222.90878441815
17222.90878441815
17222.90878441815
1000
1000
1000
1000
1000
1000
1000
1000
1000
1000
1000
1000
1000
8227.6806640625
8227.6806640625
8227.6806640625
8227.6806640625
8227.6806640625
8227.6806640625
1000
1000
1395.0
0
1000
1000
100
100
0
100
100
100
0
100
0
0
0
0
0
0
0
1000
1000
0
0
0
17222.90878441815
770
990
519.0
0
0
0
0
